0.0538486004807055 0.042387873865663998
0.078031190205365419 0.043289795297345043
0.10221377993002534 0.044191716729026082
0.12639636965468526 0.045093638160707127
0.15057895937934518 0.045995559592388165
0.1747615491040051 0.04689748102406921
0.19894413882866502 0.047799402455750248
0.22312672855332494 0.048701323887431293
0.24730931827798486 0.049603245319112338
0.27149190800264478 0.050505166750793376
0.2956744977273047 0.051407088182474421
0.31985708745196462 0.052309009614155466
0.34403967717662454 0.053210931045836504
0.36822226690128446 0.054112852477517542
0.39240485662594438 0.055014773909198587
0.4165874463506043 0.055916695340879632
0.44077003607526422 0.056818616772560671
0.46495262579992414 0.057720538204241716
0.48913521552458405 0.058622459635922761
0.51331780524924397 0.059524381067603799
0.51331780524924397 0.059524381067603799
0.49313546996563673 0.060560537551186559
0.47295313468202943 0.061596694034769327
0.45277079939842219 0.062632850518352087
0.43258846411481494 0.063669007001934855
0.41240612883120764 0.064705163485517608
0.3922237935476004 0.065741319969100376
0.37204145826399315 0.066777476452683143
0.35185912298038591 0.067813632936265911
0.33167678769677861 0.068849789419848664
0.31149445241317131 0.069885945903431432
0.29131211712956406 0.070922102387014185
0.27112978184595682 0.071958258870596953
0.25094744656234957 0.07299441535417972
0.23076511127874233 0.074030571837762488
0.21058277599513503 0.075066728321345241
0.19040044071152779 0.076102884804928009
0.17021810542792054 0.077139041288510776
0.15003577014431324 0.07817519777209353
0.129853434860706 0.079211354255676297
0.129853434860706 0.079211354255676297
0.15401499571376695 0.084710863786504498
0.1781765565668279 0.090210373317332684
0.20233811741988883 0.095709882848160885
0.22649967827294978 0.10120939237898907
0.25066123912601074 0.10670890190981727
0.27482279997907166 0.11220841144064547
0.29898436083213265 0.11770792097147366
0.32314592168519357 0.12320743050230185
0.3473074825382545 0.12870694003313005
0.37146904339131548 0.13420644956395825
0.3956306042443764 0.13970595909478645
0.41979216509743733 0.14520546862561462
0.44395372595049826 0.15070497815644282
0.46811528680355924 0.15620448768727102
0.49227684765662022 0.16170399721809919
0.51643840850968115 0.16720350674892742
0.54059996936274213 0.17270301627975559
0.564761530215803 0.1782025258105838
0.58892309106886398 0.183702035341412
0.58892309106886398 0.183702035341412
0.59128086741915675 0.17992863316383031
0.59363864376944941 0.17615523098624863
0.59599642011974219 0.17238182880866695
0.59835419647003496 0.16860842663108527
0.60071197282032762 0.16483502445350356
0.60306974917062039 0.16106162227592188
0.60542752552091317 0.1572882200983402
0.60778530187120583 0.15351481792075852
0.6101430782214986 0.14974141574317684
0.61250085457179138 0.14596801356559516
0.61485863092208415 0.14219461138801348
0.61721640727237681 0.13842120921043177
0.61957418362266958 0.13464780703285009
0.62193195997296236 0.13087440485526841
0.62428973632325502 0.12710100267768673
0.62664751267354779 0.12332760050010505
0.62900528902384056 0.11955419832252336
0.63136306537413323 0.11578079614494168
0.633720841724426 0.11200739396735999
0.633720841724426 0.11200739396735999
0.63320921952101006 0.10743438133871844
0.63269759731759412 0.10286136871007689
0.63218597511417818 0.098288356081435338
0.63167435291076224 0.093715343452793781
0.6311627307073463 0.089142330824152238
0.63065110850393036 0.084569318195510682
0.63013948630051442 0.079996305566869125
0.62962786409709848 0.075423292938227582
0.62911624189368254 0.070850280309586025
0.62860461969026649 0.066277267680944468
0.62809299748685055 0.061704255052302918
0.62758137528343461 0.057131242423661369
0.62706975308001867 0.052558229795019812
0.62655813087660273 0.047985217166378255
0.62604650867318679 0.043412204537736712
0.62553488646977085 0.038839191909095155
0.62502326426635491 0.034266179280453599
0.62451164206293897 0.029693166651812056
0.62400001985952303 0.025120154023170499
0.62400001985952303 0.025120154023170499
0.629290761744702 0.026834668763177985
0.63458150362988086 0.028549183503185468
0.63987224551505983 0.03026369824319295
0.64516298740023881 0.031978212983200437
0.65045372928541778 0.033692727723207923
0.65574447117059664 0.035407242463215402
0.66103521305577562 0.037121757203222888
0.66632595494095459 0.038836271943230374
0.67161669682613356 0.040550786683237861
0.67690743871131243 0.042265301423245347
0.6821981805964914 0.043979816163252826
0.68748892248167037 0.045694330903260312
0.69277966436684935 0.047408845643267791
0.69807040625202821 0.049123360383275277
0.70336114813720718 0.050837875123282764
0.70865189002238616 0.05255238986329025
0.71394263190756502 0.054266904603297736
0.71923337379274399 0.055981419343305222
0.72452411567792296 0.057695934083312701
0.72452411567792296 0.057695934083312701
0.73183032380122881 0.062618156870532932
0.73913653192453477 0.067540379657753155
0.74644274004784061 0.072462602444973379
0.75374894817114657 0.077384825232193616
0.76105515629445242 0.082307048019413839
0.76836136441775837 0.087229270806634063
0.77566757254106422 0.0921514935938543
0.78297378066437018 0.09707371638107451
0.79027998878767602 0.10199593916829475
0.79758619691098198 0.10691816195551497
0.80489240503428783 0.11184038474273519
0.81219861315759379 0.11676260752995543
0.81950482128089963 0.12168483031717564
0.82681102940420559 0.12660705310439588
0.83411723752751143 0.13152927589161612
0.84142344565081739 0.13645149867883632
0.84872965377412324 0.14137372146605656
0.85603586189742908 0.1462959442532768
0.86334207002073504 0.15121816704049701
0.86334207002073504 0.15121816704049701
0.86682539504315492 0.17487828399201755
0.87030872006557469 0.19853840094353806
0.87379204508799457 0.22219851789505857
0.87727537011041445 0.2458586348465791
0.88075869513283422 0.26951875179809964
0.8842420201552541 0.29317886874962018
0.88772534517767387 0.31683898570114066
0.89120867020009376 0.34049910265266126
0.89469199522251364 0.36415921960418174
0.89817532024493341 0.38781933655570222
0.90165864526735329 0.41147945350722281
0.90514197028977317 0.4351395704587433
0.90862529531219294 0.45879968741026389
0.91210862033461282 0.48245980436178437
0.9155919453570327 0.50611992131330497
0.91907527037945247 0.52978003826482545
0.92255859540187235 0.55344015521634593
0.92604192042429212 0.57710027216786641
0.929525245446712 0.60076038911938701
0.929525245446712 0.60076038911938701
0.9271697772813865 0.62082163224879094
0.924814309116061 0.64088287537819488
0.92245884095073538 0.66094411850759882
0.92010337278540988 0.68100536163700276
0.91774790462008438 0.7010666047664067
0.91539243645475887 0.72112784789581064
0.91303696828943337 0.74118909102521457
0.91068150012410776 0.76125033415461862
0.90832603195878225 0.78131157728402245
0.90597056379345675 0.8013728204134265
0.90361509562813125 0.82143406354283033
0.90125962746280563 0.84149530667223438
0.89890415929748013 0.86155654980163832
0.89654869113215463 0.88161779293104225
0.89419322296682913 0.90167903606044608
0.89183775480150362 0.92174027918985013
0.88948228663617801 0.94180152231925407
0.88712681847085251 0.96186276544865801
0.884771350305527 0.98192400857806195
0.884771350305527 0.98192400857806195
0.8860588349205879 0.96999748548688847
0.88734631953564869 0.95807096239571499
0.88863380415070958 0.94614443930454151
0.88992128876577037 0.93421791621336803
0.89120877338083127 0.92229139312219466
0.89249625799589205 0.91036487003102118
0.89378374261095295 0.8984383469398477
0.89507122722601373 0.88651182384867422
0.89635871184107463 0.87458530075750074
0.89764619645613541 0.86265877766632726
0.89893368107119631 0.85073225457515378
0.9002211656862571 0.8388057314839803
0.90150865030131799 0.82687920839280693
0.90279613491637878 0.81495268530163334
0.90408361953143968 0.80302616221045997
0.90537110414650046 0.79109963911928649
0.90665858876156136 0.77917311602811301
0.90794607337662214 0.76724659293693953
0.90923355799168304 0.75532006984576605
0.90923355799168304 0.75532006984576605
0.90112289813298108 0.72879504738375567
0.893012238274279 0.70227002492174528
0.88490157841557704 0.6757450024597349
0.87679091855687497 0.64921997999772452
0.868680258698173 0.62269495753571413
0.86056959883947104 0.59616993507370386
0.85245893898076897 0.56964491261169348
0.844348279122067 0.54311989014968309
0.83623761926336504 0.51659486768767271
0.82812695940466297 0.49006984522566233
0.820016299545961 0.463544822763652
0.81190563968725904 0.43701980030164161
0.80379497982855697 0.41049477783963123
0.795684319969855 0.38396975537762085
0.78757366011115293 0.35744473291561046
0.77946300025245097 0.33091971045360008
0.771352340393749 0.3043946879915897
0.76324168053504704 0.27786966552957931
0.75513102067634497 0.25134464306756898
0.75513102067634497 0.25134464306756898
0.75289254101287406 0.25090577835707328
0.75065406134940316 0.25046691364657764
0.74841558168593225 0.25002804893608194
0.74617710202246135 0.24958918422558626
0.74393862235899055 0.24915031951509056
0.74170014269551965 0.24871145480459489
0.73946166303204874 0.24827259009409919
0.73722318336857784 0.24783372538360351
0.73498470370510693 0.24739486067310784
0.73274622404163603 0.24695599596261214
0.73050774437816512 0.24651713125211647
0.72826926471469422 0.24607826654162079
0.72603078505122332 0.24563940183112509
0.72379230538775241 0.24520053712062942
0.72155382572428162 0.24476167241013372
0.71931534606081071 0.24432280769963804
0.71707686639733981 0.24388394298914237
0.7148383867338689 0.24344507827864667
0.712599907070398 0.243006213568151
0.712599907070398 0.243006213568151
0.71084041275868259 0.24974568813156925
0.70908091844696719 0.2564851626949875
0.70732142413525179 0.26322463725840578
0.70556192982353627 0.26996411182182406
0.70380243551182087 0.27670358638524228
0.70204294120010546 0.28344306094866056
0.70028344688839006 0.29018253551207884
0.69852395257667466 0.29692201007549712
0.69676445826495925 0.30366148463891535
0.69500496395324374 0.31040095920233363
0.69324546964152833 0.31714043376575185
0.69148597532981293 0.32387990832917013
0.68972648101809753 0.33061938289258841
0.68796698670638212 0.33735885745600669
0.68620749239466672 0.34409833201942491
0.6844479980829512 0.35083780658284319
0.6826885037712358 0.35757728114626142
0.6809290094595204 0.3643167557096797
0.67916951514780499 0.37105623027309798
0.67916951514780499 0.37105623027309798
0.67807934715069418 0.375318113273304
0.67698917915358325 0.37957999627350997
0.67589901115647244 0.38384187927371599
0.67480884315936163 0.38810376227392196
0.67371867516225081 0.39236564527412798
0.67262850716513989 0.39662752827433401
0.67153833916802907 0.40088941127453998
0.67044817117091826 0.405151294274746
0.66935800317380745 0.40941317727495197
0.66826783517669652 0.41367506027515799
0.66717766717958571 0.41793694327536396
0.6660874991824749 0.42219882627556998
0.66499733118536408 0.42646070927577601
0.66390716318825316 0.43072259227598197
0.66281699519114234 0.434984475276188
0.66172682719403153 0.43924635827639397
0.66063665919692072 0.44350824127659999
0.65954649119980979 0.44777012427680596
0.65845632320269898 0.45203200727701198
0.65845632320269898 0.45203200727701198
0.66864939350144603 0.47694211139490739
0.67884246380019309 0.50185221551280279
0.68903553409894014 0.52676231963069819
0.69922860439768719 0.55167242374859371
0.70942167469643425 0.57658252786648911
0.7196147449951813 0.60149263198438452
0.72980781529392835 0.62640273610227992
0.74000088559267541 0.65131284022017533
0.75019395589142246 0.67622294433807073
0.76038702619016951 0.70113304845596625
0.77058009648891657 0.72604315257386165
0.78077316678766362 0.75095325669175694
0.79096623708641067 0.77586336080965246
0.80115930738515773 0.80077346492754786
0.81135237768390478 0.82568356904544338
0.82154544798265183 0.85059367316333878
0.83173851828139889 0.87550377728123419
0.84193158858014594 0.90041388139912959
0.85212465887889299 0.92532398551702499
0.85212465887889299 0.92532398551702499
0.83477243337486173 0.92167695810234074
0.81742020787083036 0.91802993068765659
0.8000679823667991 0.91438290327297234
0.78271575686276773 0.91073587585828819
0.76536353135873647 0.90708884844360393
0.7480113058547051 0.90344182102891979
0.73065908035067384 0.89979479361423553
0.71330685484664247 0.89614776619955128
0.69595462934261121 0.89250073878486713
0.67860240383857984 0.88885371137018288
0.66125017833454858 0.88520668395549873
0.64389795283051721 0.88155965654081447
0.62654572732648595 0.87791262912613033
0.60919350182245458 0.87426560171144607
0.59184127631842331 0.87061857429676182
0.57448905081439205 0.86697154688207767
0.55713682531036068 0.86332451946739341
0.53978459980632931 0.85967749205270927
0.52243237430229805 0.85603046463802501
0.52243237430229805 0.85603046463802501
0.52591961445777058 0.85193976007500016
0.52940685461324322 0.84784905551197531
0.53289409476871574 0.84375835094895046
0.53638133492418838 0.83966764638592561
0.53986857507966091 0.83557694182290077
0.54335581523513354 0.83148623725987592
0.54684305539060607 0.82739553269685107
0.55033029554607871 0.82330482813382622
0.55381753570155123 0.81921412357080148
0.55730477585702387 0.81512341900777652
0.5607920160124964 0.81103271444475178
0.56427925616796903 0.80694200988172693
0.56776649632344156 0.80285130531870208
0.5712537364789142 0.79876060075567723
0.57474097663438672 0.79466989619265238
0.57822821678985936 0.79057919162962753
0.58171545694533189 0.78648848706660268
0.58520269710080441 0.78239778250357783
0.58868993725627705 0.77830707794055298
0.58868993725627705 0.77830707794055298
0.5982071230629169 0.77552941713580137
0.60772430886955675 0.77275175633104976
0.6172414946761966 0.76997409552629814
0.62675868048283645 0.76719643472154642
0.6362758662894763 0.7644187739167948
0.64579305209611604 0.76164111311204319
0.65531023790275589 0.75886345230729157
0.66482742370939574 0.75608579150253996
0.67434460951603559 0.75330813069778835
0.68386179532267544 0.75053046989303662
0.69337898112931529 0.74775280908828501
0.70289616693595514 0.74497514828353339
0.71241335274259499 0.74219748747878178
0.72193053854923472 0.73941982667403017
0.73144772435587457 0.73664216586927855
0.74096491016251442 0.73386450506452694
0.75048209596915427 0.73108684425977521
0.75999928177579412 0.7283091834550236
0.76951646758243397 0.72553152265027199
0.76951646758243397 0.72553152265027199
0.76559655985941966 0.72176930362260683
0.76167665213640545 0.71800708459494178
0.75775674441339114 0.71424486556727662
0.75383683669037693 0.71048264653961157
0.74991692896736262 0.70672042751194641
0.74599702124434841 0.70295820848428137
0.7420771135213341 0.69919598945661621
0.73815720579831989 0.69543377042895116
0.73423729807530558 0.691671551401286
0.73031739035229137 0.68790933237362095
0.72639748262927706 0.68414711334595579
0.72247757490626285 0.68038489431829074
0.71855766718324854 0.67662267529062559
0.71463775946023433 0.67286045626296054
0.71071785173722002 0.66909823723529538
0.70679794401420581 0.66533601820763033
0.7028780362911915 0.66157379917996517
0.69895812856817718 0.65781158015230012
0.69503822084516298 0.65404936112463496
0.69503822084516298 0.65404936112463496
0.67637113381275227 0.67082676916432249
0.65770404678034167 0.6876041772040099
0.63903695974793095 0.70438158524369743
0.62036987271552024 0.72115899328338484
0.60170278568310953 0.73793640132307237
0.58303569865069893 0.75471380936275989
0.56436861161828822 0.7714912174024473
0.54570152458587751 0.78826862544213483
0.52703443755346679 0.80504603348182224
0.50836735052105619 0.82182344152150977
0.48970026348864548 0.83860084956119718
0.47103317645623477 0.85537825760088471
0.45236608942382417 0.87215566564057223
0.4336990023914134 0.88893307368025964
0.41503191535900269 0.90571048171994706
0.39636482832659203 0.92248788975963469
0.37769774129418138 0.93926529779932211
0.35903065426177067 0.95604270583900952
0.34036356722936001 0.97282011387869705
0.34036356722936001 0.97282011387869705
0.33417048974354768 0.96964839292003913
0.32797741225773536 0.9664766719613811
0.32178433477192303 0.96330495100272318
0.31559125728611076 0.96013323004406526
0.30939817980029843 0.95696150908540734
0.30320510231448611 0.9537897881267493
0.29701202482867378 0.95061806716809139
0.29081894734286151 0.94744634620943347
0.28462586985704919 0.94427462525077555
0.27843279237123686 0.94110290429211751
0.27223971488542453 0.93793118333345959
0.26604663739961221 0.93475946237480168
0.25985355991379988 0.93158774141614376
0.25366048242798755 0.92841602045748572
0.24746740494217528 0.9252442994988278
0.24127432745636296 0.92207257854016988
0.23508124997055063 0.91890085758151185
0.22888817248473831 0.91572913662285393
0.22269509499892601 0.91255741566419601
0.22269509499892601 0.91255741566419601
0.22321395686288423 0.91338342246844584
0.22373281872684242 0.91420942927269555
0.22425168059080064 0.91503543607694537
0.22477054245475886 0.9158614428811952
0.22528940431871705 0.91668744968544491
0.22580826618267527 0.91751345648969473
0.22632712804663346 0.91833946329394456
0.22684598991059168 0.91916547009819427
0.2273648517745499 0.91999147690244409
0.2278837136385081 0.92081748370669392
0.22840257550246632 0.92164349051094374
0.22892143736642453 0.92246949731519345
0.22944029923038273 0.92329550411944328
0.22995916109434095 0.9241215109236931
0.23047802295829914 0.92494751772794281
0.23099688482225736 0.92577352453219264
0.23151574668621558 0.92659953133644246
0.23203460855017377 0.92742553814069217
0.23255347041413199 0.928251544944942
0.23255347041413199 0.928251544944942
0.22578878509566983 0.92057045870215481
0.21902409977720766 0.91288937245936763
0.21225941445874552 0.90520828621658056
0.20549472914028336 0.89752719997379338
0.19873004382182119 0.88984611373100619
0.19196535850335905 0.88216502748821901
0.18520067318489689 0.87448394124543194
0.17843598786643472 0.86680285500264476
0.17167130254797255 0.85912176875985757
0.16490661722951039 0.85144068251707039
0.15814193191104825 0.84375959627428321
0.15137724659258608 0.83607851003149602
0.14461256127412392 0.82839742378870895
0.13784787595566178 0.82071633754592177
0.13108319063719961 0.81303525130313459
0.12431850531873745 0.8053541650603474
0.1175538200002753 0.79767307881756033
0.11078913468181313 0.78999199257477315
0.10402444936335098 0.78231090633198597
0.10402444936335099 0.78231090633198597
0.10189613918038587 0.77330787033822956
0.099767828997420746 0.76430483434447316
0.097639518814455636 0.75530179835071676
0.095511208631490513 0.74629876235696024
0.093382898448525389 0.73729572636320384
0.091254588265560266 0.72829269036944744
0.089126278082595156 0.71928965437569103
0.086997967899630033 0.71028661838193463
0.084869657716664909 0.70128358238817823
0.082741347533699786 0.69228054639442171
0.080613037350734662 0.68327751040066531
0.078484727167769552 0.67427447440690891
0.076356416984804429 0.6652714384131525
0.074228106801839305 0.6562684024193961
0.072099796618874182 0.6472653664256397
0.069971486435909058 0.6382623304318833
0.067843176252943949 0.62925929443812678
0.065714866069978811 0.62025625844437038
0.063586555887013702 0.61125322245061398
0.063586555887013702 0.61125322245061398
0.085020655251451249 0.60247084319493482
0.1064547546158888 0.59368846393925578
0.12788885398032634 0.58490608468357663
0.14932295334476386 0.57612370542789759
0.17075705270920144 0.56734132617221844
0.19219115207363896 0.55855894691653929
0.21362525143807648 0.54977656766086025
0.23505935080251406 0.5409941884051811
0.25649345016695158 0.53221180914950206
0.27792754953138915 0.52342942989382291
0.29936164889582667 0.51464705063814387
0.32079574826026425 0.50586467138246471
0.34222984762470177 0.49708229212678562
0.36366394698913929 0.48829991287110652
0.38509804635357681 0.47951753361542737
0.40653214571801444 0.47073515435974833
0.42796624508245196 0.46195277510406918
0.44940034444688948 0.45317039584839008
0.470834443811327 0.44438801659271099
0.470834443811327 0.44438801659271099
0.46938705172291689 0.44043075972187656
0.46793965963450679 0.43647350285104214
0.46649226754609668 0.43251624598020771
0.46504487545768658 0.42855898910937329
0.46359748336927648 0.42460173223853886
0.46215009128086637 0.42064447536770444
0.46070269919245627 0.41668721849687002
0.45925530710404616 0.41272996162603559
0.45780791501563606 0.40877270475520122
0.45636052292722595 0.40481544788436674
0.45491313083881585 0.40085819101353237
0.45346573875040574 0.39690093414269795
0.45201834666199564 0.39294367727186352
0.45057095457358554 0.3889864204010291
0.44912356248517543 0.38502916353019467
0.44767617039676533 0.38107190665936025
0.44622877830835522 0.37711464978852582
0.44478138621994512 0.3731573929176914
0.44333399413153501 0.36920013604685697
0.44333399413153501 0.36920013604685697
0.43286179582049161 0.36037917572416789
0.42238959750944816 0.35155821540147875
0.41191739919840475 0.34273725507878966
0.40144520088736135 0.33391629475610057
0.3909730025763179 0.32509533443341143
0.38050080426527449 0.31627437411072234
0.37002860595423104 0.30745341378803326
0.35955640764318764 0.29863245346534417
0.34908420933214424 0.28981149314265503
0.33861201102110078 0.28099053281996594
0.32813981271005738 0.2721695724972768
0.31766761439901398 0.26334861217458772
0.30719541608797052 0.25452765185189863
0.29672321777692712 0.24570669152920951
0.28625101946588372 0.23688573120652043
0.27577882115484026 0.22806477088383131
0.26530662284379686 0.2192438105611422
0.2548344245327534 0.21042285023845311
0.24436222622171 0.201601889915764
0.24436222622171 0.201601889915764
0.25079438761856954 0.20985650405973946
0.25722654901542907 0.21811111820371495
0.26365871041228855 0.22636573234769042
0.27009087180914809 0.23462034649166591
0.27652303320600763 0.24287496063564137
0.28295519460286717 0.25112957477961684
0.28938735599972665 0.25938418892359233
0.29581951739658618 0.26763880306756782
0.30225167879344572 0.27589341721154326
0.30868384019030526 0.28414803135551875
0.3151160015871648 0.29240264549949424
0.32154816298402433 0.30065725964346968
0.32798032438088381 0.30891187378744517
0.33441248577774335 0.31716648793142066
0.34084464717460289 0.3254211020753961
0.34727680857146243 0.33367571621937159
0.35370896996832191 0.34193033036334708
0.36014113136518144 0.35018494450732252
0.36657329276204098 0.35843955865129801
0.36657329276204098 0.35843955865129801
0.35556556130024153 0.35112641349826962
0.34455782983844202 0.34381326834524129
0.33355009837664257 0.3365001231922129
0.32254236691484306 0.32918697803918451
0.31153463545304361 0.32187383288615617
0.30052690399124415 0.31456068773312779
0.28951917252944465 0.30724754258009945
0.27851144106764519 0.29993439742707106
0.26750370960584574 0.29262125227404268
0.25649597814404623 0.28530810712101434
0.24548824668224678 0.27799496196798595
0.2344805152204473 0.27068181681495762
0.22347278375864785 0.26336867166192923
0.21246505229684834 0.25605552650890084
0.20145732083504889 0.24874238135587251
0.19044958937324941 0.24142923620284412
0.17944185791144993 0.23411609104981573
0.16843412644965047 0.22680294589678737
0.15742639498785099 0.21948980074375901
0.15742639498785099 0.21948980074375901
0.16109272656276 0.22472919232064986
0.164759058137669 0.22996858389754068
0.16842538971257798 0.23520797547443154
0.17209172128748698 0.24044736705132239
0.17575805286239599 0.24568675862821321
0.17942438443730499 0.25092615020510406
0.18309071601221399 0.25616554178199491
0.186757047587123 0.26140493335888576
0.190423379162032 0.26664432493577661
0.19408971073694098 0.27188371651266741
0.19775604231184998 0.27712310808955826
0.20142237388675899 0.28236249966644911
0.20508870546166799 0.28760189124333996
0.208755037036577 0.29284128282023081
0.212421368611486 0.29808067439712166
0.216087700186395 0.30332006597401251
0.21975403176130398 0.3085594575509033
0.22342036333621298 0.31379884912779415
0.22708669491112199 0.31903824070468501
0.22708669491112199 0.31903824070468501
0.22153472297481766 0.32734758049053536
0.21598275103851336 0.33565692027638572
0.21043077910220903 0.34396626006223613
0.20487880716590473 0.35227559984808648
0.1993268352296004 0.36058493963393684
0.1937748632932961 0.3688942794197872
0.18822289135699177 0.37720361920563761
0.18267091942068747 0.38551295899148796
0.17711894748438314 0.39382229877733832
0.17156697554807882 0.40213163856318868
0.16601500361177451 0.41044097834903903
0.16046303167547021 0.41875031813488939
0.15491105973916589 0.4270596579207398
0.14935908780286158 0.43536899770659016
0.14380711586655726 0.44367833749244051
0.13825514393025296 0.45198767727829092
0.13270317199394863 0.46029701706414128
0.1271512000576443 0.46860635684999163
0.12159922812133998 0.47691569663584199
0.12159922812134 0.47691569663584199
0.11803340561393819 0.45404581122688525
0.11446758310653636 0.43117592581792852
0.11090176059913455 0.40830604040897178
0.10733593809173274 0.38543615500001505
0.10377011558433091 0.36256626959105831
0.1002042930769291 0.33969638418210157
0.096638470569527291 0.31682649877314484
0.093072648062125479 0.2939566133641881
0.089506825554723654 0.27108672795523137
0.085941003047321843 0.24821684254627463
0.082375180539920018 0.22534695713731789
0.078809358032518206 0.20247707172836116
0.075243535525116395 0.17960718631940442
0.071677713017714584 0.15673730091044769
0.068111890510312773 0.13386741550149095
0.064546068002910947 0.11099753009253421
0.060980245495509129 0.088127644683577477
0.057414422988107311 0.065257759274620741
0.0538486004807055 0.042387873865664061
1.1102230246251565e-16 0.040379519616075402
0.052631578947368529 0.042342483449822201
0.10526315789473695 0.044305447283568992
0.15789473684210534 0.046268411117315791
0.21052631578947378 0.048231374951062583
0.26315789473684215 0.050194338784809382
0.31578947368421056 0.052157302618556181
0.36842105263157904 0.054120266452302973
0.42105263157894746 0.056083230286049772
0.47368421052631582 0.058046194119796571
0.52631578947368418 0.060009157953543363
0.57894736842105265 0.061972121787290162
0.63157894736842102 0.063935085621036961
0.68421052631578949 0.065898049454783753
0.73684210526315796 0.067861013288530558
0.78947368421052633 0.069823977122277336
0.8421052631578948 0.071786940956024142
0.89473684210526305 0.073749904789770948
0.94736842105263153 0.075712868623517726
0.99999999999999989 0.077675832457264532
1 0.034538228352913924
0.94736842105263164 0.037240321594413511
0.89473684210526316 0.039942414835913098
0.84210526315789469 0.042644508077412685
0.78947368421052633 0.045346601318912272
0.73684210526315796 0.048048694560411866
0.68421052631578949 0.050750787801911446
0.63157894736842102 0.053452881043411032
0.57894736842105265 0.056154974284910626
0.52631578947368429 0.058857067526410213
0.47368421052631582 0.061559160767909807
0.42105263157894735 0.06426125400940938
0.36842105263157898 0.066963347250908967
0.31578947368421051 0.069665440492408554
0.26315789473684215 0.07236753373390814
0.21052631578947367 0.075069626975407741
0.15789473684210531 0.077771720216907328
0.10526315789473684 0.080473813458406901
0.052631578947368474 0.083175906699906502
0 0.085877999941406089
0 0.049654894432147961
0.052631578947368418 0.061634578683669325
0.10526315789473684 0.073614262935190689
0.15789473684210525 0.085593947186712038
0.21052631578947367 0.097573631438233402
0.26315789473684209 0.10955331568975477
0.31578947368421051 0.12153299994127613
0.36842105263157893 0.13351268419279749
0.42105263157894735 0.14549236844431884
0.47368421052631576 0.15747205269584019
0.52631578947368418 0.16945173694736157
0.57894736842105265 0.18143142119888292
0.63157894736842102 0.1934111054504043
0.68421052631578949 0.20539078970192565
0.73684210526315785 0.217370473953447
0.78947368421052633 0.22935015820496837
0.84210526315789469 0.24132984245648972
0.89473684210526316 0.2533095267080111
0.94736842105263153 0.26528921095953245
1 0.2772688952110538
0.078866663132631243 1
0.11175303099925499 0.94736842105263164
0.14463939886587873 0.89473684210526316
0.1775257667325025 0.84210526315789469
0.21041213459912625 0.78947368421052633
0.24329850246575002 0.73684210526315796
0.27618487033237377 0.68421052631578949
0.30907123819899751 0.63157894736842102
0.34195760606562126 0.57894736842105265
0.374843973932245 0.52631578947368429
0.4077303417988688 0.47368421052631582
0.44061670966549255 0.42105263157894735
0.47350307753211629 0.36842105263157898
0.50638944539874009 0.31578947368421051
0.53927581326536378 0.26315789473684215
0.57216218113198747 0.21052631578947367
0.60504854899861127 0.15789473684210531
0.63793491686523507 0.10526315789473684
0.67082128473185876 0.052631578947368474
0.70370765259848256 0
0.73306820212094548 1
0.72717985529643392 0.94736842105263164
0.72129150847192225 0.89473684210526316
0.71540316164741069 0.84210526315789469
0.70951481482289902 0.78947368421052633
0.70362646799838746 0.73684210526315796
0.69773812117387579 0.68421052631578949
0.69184977434936423 0.63157894736842102
0.68596142752485267 0.57894736842105265
0.680073080700341 0.52631578947368429
0.67418473387582945 0.47368421052631582
0.66829638705131778 0.42105263157894735
0.66240804022680622 0.36842105263157898
0.65651969340229455 0.31578947368421051
0.65063134657778299 0.26315789473684215
0.64474299975327143 0.21052631578947367
0.63885465292875976 0.15789473684210531
0.6329663061042482 0.10526315789473684
0.62707795927973653 0.052631578947368474
0.62118961245522497 0
0.54648289623773683 0
0.57035221748838227 0.0077350783701710139
0.59422153873902772 0.015470156740342028
0.61809085998967306 0.023205235110513044
0.64196018124031851 0.030940313480684056
0.66582950249096395 0.03867539185085507
0.6896988237416094 0.046410470221026089
0.71356814499225485 0.054145548591197093
0.7374374662429003 0.061880626961368111
0.76130678749354574 0.069615705331539129
0.78517610874419119 0.077350783701710141
0.80904542999483653 0.085085862071881152
0.83291475124548198 0.092820940442052177
0.85678407249612742 0.10055601881222319
0.88065339374677287 0.10829109718239419
0.90452271499741821 0.11602617555256521
0.92839203624806377 0.12376125392273622
0.9522613574987091 0.13149633229290725
0.97613067874935466 0.13923141066307826
1 0.14696648903324927
0.63888424919815301 -2.7755575615628914e-17
0.65789034134561863 0.012804483294945096
0.67689643349308426 0.02560896658989022
0.69590252564054988 0.038413449884835346
0.71490861778801551 0.051217933179780469
0.73391470993548114 0.064022416474725605
0.75292080208294676 0.07682689976967072
0.77192689423041239 0.089631383064615835
0.79093298637787801 0.10243586635956096
0.80993907852534375 0.11524034965450611
0.82894517067280926 0.12804483294945124
0.847951262820275 0.14084931624439634
0.86695735496774062 0.15365379953934147
0.88596344711520625 0.1664582828342866
0.90496953926267176 0.1792627661292317
0.9239756314101375 0.19206724942417683
0.94298172355760312 0.20487173271912196
0.96198781570506875 0.21767621601406709
0.98099390785253437 0.23048069930901224
1 0.24328518260395735
0.84107920351944421 0
0.84882780832526494 0.052631578947368418
0.85657641313108579 0.10526315789473684
0.86432501793690653 0.15789473684210525
0.87207362274272737 0.21052631578947367
0.87982222754854811 0.26315789473684209
0.88757083235436895 0.31578947368421051
0.89531943716018969 0.36842105263157893
0.90306804196601043 0.42105263157894735
0.91081664677183127 0.47368421052631576
0.91856525157765201 0.52631578947368418
0.92631385638347286 0.57894736842105265
0.93406246118929359 0.63157894736842102
0.94181106599511433 0.68421052631578949
0.94955967080093517 0.73684210526315785
0.95730827560675591 0.78947368421052633
0.96505688041257676 0.84210526315789469
0.97280548521839749 0.89473684210526316
0.98055409002421823 0.94736842105263153
0.98830269483003907 1
1 0.00053525918935059147
0.9938236304328093 0.053138666600437402
0.9876472608656186 0.1057420740115242
0.98147089129842791 0.15834548142261104
0.97529452173123721 0.21094888883369783
0.96911815216404651 0.26355229624478466
0.96294178259685581 0.31615570365587148
0.95676541302966511 0.36875911106695825
0.95058904346247441 0.42136251847804507
0.94441267389528383 0.47396592588913194
0.93823630432809302 0.52656933330021871
0.93205993476090243 0.57917274071130553
0.92588356519371173 0.63177614812239236
0.91970719562652103 0.68437955553347918
0.91353082605933034 0.73698296294456589
0.90735445649213964 0.78958637035565271
0.90117808692494894 0.84218977776673953
0.89500171735775824 0.89479318517782636
0.88882534779056754 0.94739659258891329
0.88264897822337685 1
0.88282002210368582 1
0.88850167363306121 0.94736842105263164
0.8941833251624367 0.89473684210526316
0.89986497669181209 0.84210526315789469
0.90554662822118748 0.78947368421052633
0.91122827975056298 0.73684210526315796
0.91690993127993836 0.68421052631578949
0.92259158280931375 0.63157894736842102
0.92827323433868925 0.57894736842105265
0.93395488586806463 0.52631578947368429
0.93963653739744002 0.47368421052631582
0.94531818892681541 0.42105263157894735
0.9509998404561909 0.36842105263157898
0.95668149198556629 0.31578947368421051
0.96236314351494168 0.26315789473684215
0.96804479504431717 0.21052631578947367
0.97372644657369256 0.15789473684210531
0.97940809810306795 0.10526315789473684
0.98508974963244345 0.052631578947368474
0.99077140116181883 0
0.98405029718857595 1
0.96795693344949119 0.94736842105263164
0.95186356971040642 0.89473684210526316
0.93577020597132166 0.84210526315789469
0.91967684223223689 0.78947368421052633
0.90358347849315213 0.73684210526315796
0.88749011475406736 0.68421052631578949
0.8713967510149826 0.63157894736842102
0.85530338727589794 0.57894736842105265
0.83921002353681318 0.52631578947368429
0.82311665979772841 0.47368421052631582
0.80702329605864365 0.42105263157894735
0.79092993231955888 0.36842105263157898
0.77483656858047412 0.31578947368421051
0.75874320484138935 0.26315789473684215
0.74264984110230459 0.21052631578947367
0.72655647736321982 0.15789473684210531
0.71046311362413506 0.10526315789473684
0.69436974988505029 0.052631578947368474
0.67827638614596553 0
1 0.299352384872835
0.94736842105263164 0.28903371053569471
0.89473684210526316 0.27871503619855442
0.84210526315789469 0.26839636186141413
0.78947368421052633 0.25807768752427379
0.73684210526315796 0.2477590131871335
0.68421052631578949 0.23744033884999322
0.63157894736842102 0.22712166451285293
0.57894736842105265 0.21680299017571261
0.52631578947368429 0.20648431583857232
0.47368421052631582 0.19616564150143201
0.42105263157894735 0.18584696716429172
0.36842105263157898 0.17552829282715143
0.31578947368421051 0.16520961849001115
0.26315789473684215 0.15489094415287083
0.21052631578947367 0.14457226981573051
0.15789473684210531 0.13425359547859023
0.10526315789473684 0.12393492114144994
0.052631578947368474 0.11361624680430965
0 0.10329757246716934
0.77604224911965736 0
0.76230156905579094 0.052631578947368418
0.74856088899192463 0.10526315789473684
0.73482020892805822 0.15789473684210523
0.7210795288641918 0.21052631578947367
0.70733884880032549 0.26315789473684204
0.69359816873645908 0.31578947368421045
0.67985748867259277 0.36842105263157893
0.66611680860872635 0.42105263157894735
0.65237612854485993 0.47368421052631571
0.63863544848099363 0.52631578947368407
0.62489476841712721 0.57894736842105254
0.6111540883532609 0.63157894736842091
0.59741340828939449 0.68421052631578938
0.58367272822552807 0.73684210526315785
0.56993204816166165 0.78947368421052622
0.55619136809779535 0.84210526315789469
0.54245068803392893 0.89473684210526294
0.52871000797006262 0.94736842105263142
0.51496932790619621 0.99999999999999978
0.7740838117985509 0
0.76062092156832628 0.052631578947368418
0.74715803133810166 0.10526315789473684
0.73369514110787692 0.15789473684210523
0.7202322508776523 0.21052631578947367
0.70676936064742768 0.26315789473684204
0.69330647041720306 0.31578947368421045
0.67984358018697844 0.36842105263157893
0.66638068995675381 0.42105263157894735
0.65291779972652919 0.47368421052631571
0.63945490949630446 0.52631578947368407
0.62599201926607984 0.57894736842105254
0.61252912903585521 0.63157894736842091
0.59906623880563059 0.68421052631578938
0.58560334857540597 0.73684210526315785
0.57214045834518135 0.78947368421052622
0.55867756811495672 0.84210526315789469
0.54521467788473199 0.89473684210526294
0.53175178765450737 0.94736842105263142
0.51828889742428275 0.99999999999999978
0.47348744448379276 0
0.49502398168996109 0.052631578947368418
0.51656051889612942 0.10526315789473684
0.53809705610229774 0.15789473684210525
0.55963359330846607 0.21052631578947367
0.5811701305146344 0.26315789473684209
0.60270666772080284 0.31578947368421051
0.62424320492697116 0.36842105263157893
0.64577974213313949 0.42105263157894735
0.66731627933930782 0.47368421052631576
0.68885281654547614 0.52631578947368418
0.71038935375164447 0.57894736842105265
0.7319258909578128 0.63157894736842102
0.75346242816398123 0.68421052631578949
0.77499896537014945 0.73684210526315785
0.79653550257631789 0.78947368421052633
0.8180720397824861 0.84210526315789469
0.83960857698865454 0.89473684210526316
0.86114511419482287 0.94736842105263153
0.8826816514009912 1
1 0.95640388491662442
0.94736842105263164 0.94534197177732282
0.89473684210526316 0.9342800586380211
0.84210526315789469 0.9232181454987195
0.78947368421052633 0.9121562323594179
0.73684210526315796 0.90109431922011629
0.68421052631578949 0.89003240608081458
0.63157894736842102 0.87897049294151297
0.57894736842105265 0.86790857980221137
0.52631578947368429 0.85684666666290976
0.47368421052631582 0.84578475352360805
0.42105263157894735 0.83472284038430644
0.36842105263157898 0.82366092724500484
0.31578947368421051 0.81259901410570323
0.26315789473684215 0.80153710096640152
0.21052631578947367 0.79047518782709991
0.15789473684210531 0.77941327468779831
0.10526315789473684 0.7683513615484967
0.052631578947368474 0.75728944840919499
0 0.74622753526989338
0.3997013539746489 1
0.43129601955493052 0.96293790020349568
0.46289068513521214 0.92587580040699136
0.49448535071549382 0.88881370061048692
0.5260800162957755 0.8517516008139826
0.55767468187605707 0.81468950101747828
0.58926934745633874 0.77762740122097385
0.62086401303662031 0.74056530142446952
0.65245867861690199 0.7035032016279652
0.68405334419718367 0.66644110183146088
0.71564800977746523 0.62937900203495656
0.74724267535774691 0.59231690223845224
0.77883734093802859 0.5552548024419478
0.81043200651831016 0.51819270264544359
0.84202667209859183 0.48113060284893916
0.87362133767887351 0.44406850305243484
0.90521600325915508 0.40700640325593052
0.93681066883943676 0.36994430345942608
0.96840533441971832 0.33288220366292176
1 0.29582010386641744
0 0.9501205738720544
0.052631578947368418 0.93475965974213349
0.10526315789473684 0.91939874561221269
0.15789473684210525 0.90403783148229178
0.21052631578947367 0.88867691735237087
0.26315789473684209 0.87331600322244995
0.31578947368421051 0.85795508909252916
0.36842105263157893 0.84259417496260824
0.42105263157894735 0.82723326083268733
0.47368421052631576 0.81187234670276642
0.52631578947368418 0.79651143257284551
0.57894736842105265 0.78115051844292471
0.63157894736842102 0.7657896043130038
0.68421052631578949 0.75042869018308289
0.73684210526315785 0.73506777605316209
0.78947368421052633 0.71970686192324118
0.84210526315789469 0.70434594779332027
0.89473684210526316 0.68898503366339936
0.94736842105263153 0.67362411953347845
1 0.65826320540355765
1 0.94674324305221158
0.94808290528790273 0.89691465131262149
0.89616581057580547 0.8470860595730314
0.8442487158637082 0.79725746783344131
0.79233162115161093 0.74742887609385122
0.74041452643951366 0.69760028435426114
0.68849743172741629 0.64777169261467105
0.63658033701531902 0.59794310087508107
0.58466324230322175 0.54811450913549087
0.53274614759112449 0.49828591739590089
0.48082905287902722 0.44845732565631075
0.42891195816692995 0.39862873391672071
0.37699486345483257 0.34880014217713062
0.32507776874273531 0.29897155043754053
0.27316067403063804 0.24914295869795045
0.22124357931854077 0.19931436695836025
0.16932648460644351 0.14948577521877027
0.11740938989434613 0.099657183479180178
0.065492295182248972 0.0498285917395902
0.013575200470151594 -1.1102230246251565e-16
1 0.3799590225246004
0.96369064981590669 0.41259275818120039
0.92738129963181337 0.44522649383780033
0.89107194944771995 0.47786022949440032
0.85476259926362663 0.51049396515100032
0.81845324907953332 0.54312770080760031
0.78214389889543989 0.5757614364642003
0.74583454871134658 0.6083951721208003
0.70952519852725326 0.64102890777740029
0.67321584834315984 0.67366264343400029
0.63690649815906664 0.70629637909060028
0.60059714797497321 0.73893011474720027
0.56428779779087979 0.77156385040380016
0.52797844760678658 0.80419758606040015
0.49166909742269316 0.83683132171700014
0.45535974723859984 0.86946505737360014
0.41905039705450653 0.90209879303020002
0.3827410468704131 0.93473252868680001
0.34643169668631979 0.96736626434340001
0.31012234650222648 1
0.39343479985002827 1
0.37272770512107944 0.98939507433982832
0.35202061039213056 0.97879014867965664
0.33131351566318173 0.96818522301948495
0.31060642093423285 0.95758029735931327
0.28989932620528402 0.94697537169914159
0.26919223147633514 0.93637044603896979
0.24848513674738631 0.92576552037879811
0.22777804201843746 0.91516059471862643
0.20707094728948863 0.90455566905845475
0.18636385256053978 0.89395074339828307
0.16565675783159092 0.88334581773811138
0.14494966310264204 0.8727408920779397
0.12424256837369319 0.86213596641776802
0.10353547364474436 0.85153104075759622
0.082828378915795531 0.84092611509742454
0.062121284186846648 0.83032118943725286
0.041414189457897821 0.81971626377708118
0.020707094728948994 0.8091113381169095
1.1102230246251565e-16 0.79850641245673781
0 0.55803595914608617
0.014611724036280135 0.58129722445418686
0.029223448072560269 0.60455848976228765
0.043835172108840408 0.62781975507038834
0.058446896145120539 0.65108102037848914
0.073058620181400677 0.67434228568658983
0.087670344217680815 0.69760355099469051
0.10228206825396095 0.72086481630279131
0.11689379229024108 0.744126081610892
0.13150551632652122 0.76738734691899269
0.14611724036280135 0.79064861222709348
0.16072896439908146 0.81390987753519417
0.17534068843536163 0.83717114284329486
0.18995241247164177 0.86043240815139566
0.20456413650792191 0.88369367345949645
0.21917586054420202 0.90695493876759703
0.23378758458048216 0.93021620407569783
0.24839930861676232 0.95347746938379851
0.26301103265304243 0.9767387346918992
0.27762275668932257 1
0.29574189262317307 0.99999999999999989
0.28017652985353236 0.98232602283692638
0.26461116708389171 0.96465204567385299
0.249045804314251 0.94697806851077948
0.23348044154461031 0.92930409134770608
0.21791507877496963 0.91163011418463258
0.20234971600532894 0.89395613702155918
0.18678435323568826 0.87628215985848568
0.17121899046604755 0.85860818269541217
0.15565362769640687 0.84093420553233877
0.14008826492676618 0.82326022836926527
0.1245229021571255 0.80558625120619187
0.10895753938748481 0.78791227404311837
0.09339217661784413 0.77023829688004497
0.077826813848203447 0.75256431971697146
0.062261451078562763 0.73489034255389796
0.046696088308922051 0.71721636539082456
0.031130725539281368 0.69954238822775117
0.015565362769640656 0.68186841106467755
0 0.66419443390160415
0.15548596913239177 1
0.14730249707279219 0.96538282150028021
0.13911902501319262 0.93076564300056042
0.13093555295359308 0.89614846450084062
0.1227520808939935 0.86153128600112083
0.11456860883439393 0.82691410750140104
0.10638513677479436 0.79229692900168125
0.0982016647151948 0.75767975050196146
0.090018192655595228 0.72306257200224167
0.081834720595995669 0.68844539350252187
0.073651248536396097 0.65382821500280208
0.065467776476796538 0.61921103650308229
0.057284304417196966 0.5845938580033625
0.049100832357597393 0.54997667950364271
0.040917360297997835 0.51535950100392292
0.032733888238398262 0.48074232250420312
0.02455041617879869 0.44612514400448333
0.016366944119199145 0.41150796550476354
0.0081834720595995725 0.37689078700504375
0 0.34227360850532396
0 0.6373070929616711
0.052631578947368418 0.61574190007524099
0.10526315789473684 0.59417670718881077
0.15789473684210525 0.57261151430238066
0.21052631578947367 0.55104632141595056
0.26315789473684209 0.52948112852952034
0.31578947368421051 0.50791593564309023
0.36842105263157893 0.48635074275666013
0.42105263157894735 0.46478554987022991
0.47368421052631576 0.4432203569837998
0.52631578947368418 0.42165516409736969
0.57894736842105265 0.40008997121093948
0.63157894736842102 0.37852477832450937
0.68421052631578949 0.35695958543807921
0.73684210526315785 0.3353943925516491
0.78947368421052633 0.31382919966521888
0.84210526315789469 0.29226400677878878
0.89473684210526316 0.27069881389235867
0.94736842105263153 0.24913362100592851
1 0.22756842811949834
0.67405309128820567 1
0.65480275362870222 0.94736842105263153
0.63555241596919865 0.89473684210526316
0.61630207830969508 0.84210526315789469
0.59705174065019162 0.78947368421052633
0.57780140299068816 0.73684210526315785
0.55855106533118459 0.68421052631578938
0.53930072767168113 0.63157894736842102
0.52005039001217757 0.57894736842105254
0.50080005235267411 0.52631578947368407
0.48154971469317054 0.47368421052631571
0.46229937703366708 0.42105263157894723
0.44304903937416351 0.36842105263157876
0.42379870171466 0.31578947368421029
0.40454836405515654 0.26315789473684192
0.38529802639565303 0.21052631578947345
0.36604768873614951 0.15789473684210509
0.346797351076646 0.10526315789473661
0.32754701341714249 0.052631578947368252
0.30829667575763897 -2.2204460492503131e-16
1 0.83809201575633296
0.94763271099485458 0.79398190966389437
0.89526542198970915 0.74987180357145578
0.84289813298456362 0.70576169747901729
0.7905308439794182 0.6616515913865787
0.73816355497427266 0.6175414852941401
0.68579626596912724 0.57343137920170151
0.63342897696398182 0.52932127310926291
0.58106168795883639 0.48521116701682437
0.52869439895369097 0.44110106092438583
0.47632710994854544 0.39699095483194724
0.42395982094340001 0.35288084873950865
0.37159253193825459 0.30877074264707005
0.31922524293310917 0.26466063655463157
0.26685795392796374 0.22055053046219297
0.21449066492281821 0.17644042436975438
0.16212337591767279 0.13233031827731578
0.10975608691252736 0.0882202121848773
0.057388797907381828 0.044110106092438706
0.0050215089022365156 1.1102230246251565e-16
0.087269978027830875 0
0.12828156311907382 0.052631578947368418
0.16929314821031677 0.10526315789473684
0.21030473330155969 0.15789473684210525
0.25131631839280266 0.21052631578947367
0.29232790348404558 0.26315789473684209
0.3333394885752885 0.31578947368421051
0.37435107366653142 0.36842105263157893
0.41536265875777439 0.42105263157894735
0.45637424384901731 0.47368421052631576
0.49738582894026023 0.52631578947368418
0.5383974140315031 0.57894736842105265
0.57940899912274613 0.63157894736842102
0.62042058421398905 0.68421052631578949
0.66143216930523197 0.73684210526315785
0.702443754396475 0.78947368421052633
0.74345533948771791 0.84210526315789469
0.78446692457896072 0.89473684210526316
0.82547850967020375 0.94736842105263153
0.86649009476144667 1
1 0.77926572705046182
0.94736842105263164 0.74429917851038185
0.89473684210526316 0.70933262997030178
0.84210526315789469 0.67436608143022181
0.78947368421052633 0.63939953289014173
0.73684210526315796 0.60443298435006176
0.68421052631578949 0.56946643580998169
0.63157894736842102 0.53449988726990172
0.57894736842105265 0.49953333872982164
0.52631578947368429 0.46456679018974162
0.47368421052631582 0.42960024164966165
0.42105263157894735 0.39463369310958163
0.36842105263157898 0.35966714456950161
0.31578947368421051 0.32470059602942153
0.26315789473684215 0.28973404748934162
0.21052631578947367 0.25476749894926154
0.15789473684210531 0.21980095040918146
0.10526315789473684 0.18483440186910149
0.052631578947368474 0.14986785332902142
0 0.11490130478894145
0.0038355867751793671 0
0.040665210387041906 0.052631578947368418
0.077494833998904444 0.10526315789473684
0.11432445761076697 0.15789473684210525
0.15115408122262952 0.21052631578947367
0.18798370483449206 0.26315789473684209
0.22481332844635457 0.31578947368421051
0.26164295205821708 0.36842105263157893
0.29847257567007968 0.42105263157894735
0.33530219928194221 0.47368421052631576
0.37213182289380475 0.52631578947368418
0.40896144650566724 0.57894736842105265
0.44579107011752978 0.63157894736842102
0.48262069372939231 0.68421052631578949
0.5194503173412548 0.73684210526315785
0.55627994095311739 0.78947368421052633
0.59310956456497999 0.84210526315789469
0.62993918817684247 0.89473684210526316
0.66676881178870506 0.94736842105263153
0.70359843540056755 1
0.44025541885915109 0
0.41708408102445893 0.034679303420498062
0.39391274318976677 0.069358606840996123
0.3707414053550746 0.10403791026149418
0.34757006752038244 0.13871721368199225
0.32439872968569028 0.17339651710249032
0.30122739185099812 0.20807582052298837
0.27805605401630595 0.24275512394348647
0.25488471618161379 0.27743442736398449
0.23171337834692163 0.31211373078448257
0.20854204051222947 0.34679303420498064
0.1853707026775373 0.38147233762547872
0.16219936484284514 0.41615164104597674
0.13902802700815298 0.45083094446647481
0.11585668917346081 0.48551024788697295
0.092685351338768651 0.52018955130747091
0.069514013504076488 0.55486885472796899
0.046342675669384326 0.58954815814846706
0.023171337834692163 0.62422746156896514
0 0.65890676498946321
0.2031573885078376 1
0.19495118784462304 0.94736842105263164
0.18674498718140847 0.89473684210526316
0.17853878651819391 0.84210526315789469
0.17033258585497935 0.78947368421052633
0.16212638519176478 0.73684210526315796
0.15392018452855022 0.68421052631578949
0.14571398386533566 0.63157894736842102
0.13750778320212109 0.57894736842105265
0.1293015825389065 0.52631578947368429
0.12109538187569195 0.47368421052631582
0.11288918121247739 0.42105263157894735
0.10468298054926282 0.36842105263157898
0.096476779886048261 0.31578947368421051
0.088270579222833698 0.26315789473684215
0.08006437855961912 0.21052631578947367
0.071858177896404557 0.15789473684210531
0.063651977233189994 0.10526315789473684
0.05544577656997543 0.052631578947368474
0.047239575906760867 0
0.089703481686163447 0.042387873865663998
0.67576720550459213 0.042387873865663998
0.37872227811195064 0.042387873865663998
0.027233660699442802 0.042387873865663998
0.10246832766685092 0.042387873865663998
0.68971677156617717 0.042387873865663998
0.17898455782746178 0.042387873865663998
0.066817390763581452 0.042387873865663998
0.57782766203294866 0.042387873865663998
0.2062214050470951 0.042387873865663998
0.0538486004807055 0.67113016856421259
0.0538486004807055 0.059551121694758125
0.0538486004807055 0.97393038448594993
0.0538486004807055 0.58166421790684775
0.0538486004807055 0.17713625597634178
0.0538486004807055 0.49882516846937369
0.0538486004807055 0.45967232084817827
0.0538486004807055 0.93013982192154032
0.0538486004807055 0.66441244383548037
0.0538486004807055 0.68828983497260599
0.52040213929507984 0.059524381067603799
0.58637631758413111 0.059524381067603799
0.23028339642578893 0.059524381067603799
0.33493552698517942 0.059524381067603799
0.83974976131680878 0.059524381067603799
0.62681753869485923 0.059524381067603799
0.89292380162185236 0.059524381067603799
0.44271151462696096 0.059524381067603799
0.22120677736644018 0.059524381067603799
0.43847931522805211 0.059524381067603799
0.51331780524924397 0.4578922588647773
0.51331780524924397 0.88363078836520703
0.51331780524924397 0.52873282345418482
0.51331780524924397 0.81253739763635091
0.51331780524924397 0.013133241801119057
0.51331780524924397 0.07818143306215361
0.51331780524924397 0.28963723978476469
0.51331780524924397 0.51589500881540351
0.51331780524924397 0.87003437796143557
0.51331780524924397 0.66578675604694837
0.00010330416266960286 0.079211354255676297
0.46035690859908096 0.079211354255676297
0.019722978127991304 0.079211354255676297
0.28091996735004704 0.079211354255676297
0.25392873131387345 0.079211354255676297
0.9239435158315783 0.079211354255676297
0.1009919755631089 0.079211354255676297
0.93554078132637808 0.079211354255676297
0.73306573356178861 0.079211354255676297
0.92339976174915195 0.079211354255676297
0.129853434860706 0.41609917833288163
0.129853434860706 0.21232657563515314
0.129853434860706 0.7440944913514399
0.129853434860706 0.48290194034711548
0.129853434860706 0.97262357453472148
0.129853434860706 0.81953410330206811
0.129853434860706 0.048428189963301733
0.129853434860706 0.88939251885255455
0.129853434860706 0.5799194763321055
0.129853434860706 0.87103306402966052
0.93622264356176488 0.183702035341412
0.82276921524795199 0.183702035341412
0.59916696678808279 0.183702035341412
0.31494492120805423 0.183702035341412
0.85000287594739476 0.183702035341412
0.70163529492059507 0.183702035341412
0.004661692308570115 0.183702035341412
0.028987433774856589 0.183702035341412
0.76845268568417646 0.183702035341412
0.58248935434151872 0.183702035341412
0.58892309106886398 0.21884940993918545
0.58892309106886398 0.25104964443065675
0.58892309106886398 0.9305841857244187
0.58892309106886398 0.19277979442513538
0.58892309106886398 0.83271386280316573
0.58892309106886398 0.10772044170076048
0.58892309106886398 0.69160496289450901
0.58892309106886398 0.29238618318568271
0.58892309106886398 0.037860263156639533
0.58892309106886398 0.3560174062643281
0.23520883882195168 0.11200739396735999
0.2888548249792563 0.11200739396735999
0.16886567192564983 0.11200739396735999
0.46549223571340193 0.11200739396735999
0.62379035196443566 0.11200739396735999
0.0086154327767972994 0.11200739396735999
0.092309773942599899 0.11200739396735999
0.51671415312062674 0.11200739396735999
0.45132694786941957 0.11200739396735999
0.31351655177470134 0.11200739396735999
0.633720841724426 0.98067601815828864
0.633720841724426 0.49575252202141684
0.633720841724426 0.2396481941638739
0.633720841724426 0.50940884114681229
0.633720841724426 0.30828991919210641
0.633720841724426 0.25278143596499292
0.633720841724426 0.5875902746746271
0.633720841724426 0.59792715944253239
0.633720841724426 0.76867644478039654
0.633720841724426 0.45762465217040138
0.95519346834867891 0.025120154023170499
0.45143025203208914 0.025120154023170499
0.77387346037378235 0.025120154023170499
0.9749164464766702 0.025120154023170499
0.73235021938213618 0.025120154023170499
0.027802191221994437 0.025120154023170499
0.89885996230824849 0.025120154023170499
0.8333421949452452 0.025120154023170499
0.96334297254837253 0.025120154023170499
0.63192569540437571 0.025120154023170499
0.62400001985952303 0.26371391502381952
0.62400001985952303 0.18477562264761685
0.62400001985952303 0.66995122780555449
0.62400001985952303 0.00780840637525935
0.62400001985952303 0.66767756299473235
0.62400001985952303 0.64257480187461469
0.62400001985952303 0.82734250967732748
0.62400001985952303 0.71610575342369531
0.62400001985952303 0.53196732072716924
0.62400001985952303 0.40726198554377163
0.75674195669439714 0.057695934083312701
0.89956561564447624 0.057695934083312701
0.45469491018666647 0.057695934083312701
0.35590892301681865 0.057695934083312701
0.21451053638686918 0.057695934083312701
0.3046977856684 0.057695934083312701
0.057544217471752417 0.057695934083312701
0.21917222916110057 0.057695934083312701
0.33368521944325663 0.057695934083312701
0.82599690362159017 0.057695934083312701
0.72452411567792296 0.58713881698769466
0.72452411567792296 0.75081673066635468
0.72452411567792296 0.65831163044008967
0.72452411567792296 0.51772300271211336
0.72452411567792296 0.94359652509149006
0.72452411567792296 0.49102549277759411
0.72452411567792296 0.62544344441287381
0.72452411567792296 0.63520148752033778
0.72452411567792296 0.78341167596327688
0.72452411567792296 0.66330370756951329
0.80166158350261929 0.15121816704049701
0.56889405873086962 0.15121816704049701
0.1148517281351852 0.15121816704049701
0.97052725542826912 0.15121816704049701
0.034386293978610212 0.15121816704049701
0.73864208009962085 0.15121816704049701
0.97914268867072773 0.15121816704049701
0.1266960679212101 0.15121816704049701
0.25535623275458635 0.15121816704049701
0.43046963607448602 0.15121816704049701
0.86334207002073504 0.99121889425032716
0.86334207002073504 0.76408769412156552
0.86334207002073504 0.15905622959093016
0.86334207002073504 0.2308670879485398
0.86334207002073504 0.27349653480271646
0.86334207002073504 0.4673461487830366
0.86334207002073504 0.48364852437919403
0.86334207002073504 0.86108680947734362
0.86334207002073504 0.065273307759907709
0.86334207002073504 0.25232496869392923
0.44021261969591147 0.60076038911938701
0.21054970063760398 0.60076038911938701
0.88189988810657516 0.60076038911938701
0.21408608006969376 0.60076038911938701
0.18546614664861288 0.60076038911938701
0.61425010748871145 0.60076038911938701
0.24188827129168822 0.60076038911938701
0.084326108491200077 0.60076038911938701
0.44759230196829525 0.60076038911938701
0.20523124384006078 0.60076038911938701
0.929525245446712 0.31871146118208371
0.929525245446712 0.32898722324938851
0.929525245446712 0.43710059180720739
0.929525245446712 0.98866268945329949
0.929525245446712 0.33679562962464787
0.929525245446712 0.10477815433627839
0.929525245446712 0.63123749086225289
0.929525245446712 0.16413813883631403
0.929525245446712 0.82088390775997377
0.929525245446712 0.16320481112376078
0.71625180389557586 0.98192400857806195
0.2043342581970311 0.98192400857806195
0.10479685901887568 0.98192400857806195
0.17094671361658104 0.98192400857806195
0.56024318167951104 0.98192400857806195
0.31930739587140616 0.98192400857806195
0.47564449975064232 0.98192400857806195
0.61778739915126346 0.98192400857806195
0.53847962503250668 0.98192400857806195
0.80932971919389896 0.98192400857806195
0.884771350305527 0.57140012484574698
0.884771350305527 0.40802272474766837
0.884771350305527 0.9140215422557767
0.884771350305527 0.22971175482017536
0.884771350305527 0.92574572745978168
0.884771350305527 0.85761806688160547
0.884771350305527 0.72073724759776947
0.884771350305527 0.55118917140699419
0.884771350305527 0.49281955440194325
0.884771350305527 0.50414892309538506
0.4437843023071924 0.75532006984576605
0.34014120806946474 0.75532006984576605
0.37822377745910724 0.75532006984576605
0.55863603044237753 0.75532006984576605
0.31066846349773392 0.75532006984576605
0.41261007143771744 0.75532006984576605
0.2972781100763372 0.75532006984576605
0.28981115170280036 0.75532006984576605
0.53930613982458886 0.75532006984576605
0.5526343428309235 0.75532006984576605
0.90923355799168304 0.21449287851084622
0.90923355799168304 0.48403844818660918
0.90923355799168304 0.26823661675128929
0.90923355799168304 0.37354910810177638
0.90923355799168304 0.71490553613514896
0.90923355799168304 0.5417331520196671
0.90923355799168304 0.84089525735047421
0.90923355799168304 0.1985540600486817
0.90923355799168304 0.40281996103134937
0.90923355799168304 0.90616856511038191
0.72028078777728644 0.25134464306756898
0.97951875952050027 0.25134464306756898
0.76318404346852753 0.25134464306756898
0.60218067541820031 0.25134464306756898
0.1936048391245328 0.25134464306756898
0.94865019058280164 0.25134464306756898
0.21643078244125041 0.25134464306756898
0.43549311088188231 0.25134464306756898
0.032976298608340462 0.25134464306756898
0.664023084875207 0.25134464306756898
0.75513102067634497 0.45087902920827222
0.75513102067634497 0.72153142267909431
0.75513102067634497 0.23515578789410915
0.75513102067634497 0.88797962101547956
0.75513102067634497 0.71019411166673252
0.75513102067634497 0.571951417518757
0.75513102067634497 0.99275777535175802
0.75513102067634497 0.34143160206332412
0.75513102067634497 0.73608955682073229
0.75513102067634497 0.81364168311173179
0.64072435472194311 0.243006213568151
0.74922810296957754 0.243006213568151
0.86835734307223811 0.243006213568151
0.74552121374081881 0.243006213568151
0.92017481658615863 0.243006213568151
0.42860052428608786 0.243006213568151
0.064828609146563618 0.243006213568151
0.39581931587113967 0.243006213568151
0.046387923437351326 0.243006213568151
0.60330823417907031 0.243006213568151
0.712599907070398 0.50463641365274625
0.712599907070398 0.30748968120081799
0.712599907070398 0.22166440739373883
0.712599907070398 0.41865795544286161
0.712599907070398 0.53720143602099335
0.712599907070398 0.14741013438785922
0.712599907070398 0.27627602185880579
0.712599907070398 0.25793868315310159
0.712599907070398 0.69859930579485341
0.712599907070398 0.76909557626074909
0.20514903506503862 0.37105623027309798
0.49017222574454372 0.37105623027309798
0.9434494427141964 0.37105623027309798
0.58337281252414586 0.37105623027309798
0.048808256186921271 0.37105623027309798
0.25411790574626897 0.37105623027309798
0.99598288442752458 0.37105623027309798
0.34608636626325845 0.37105623027309798
0.54392905744906939 0.37105623027309798
0.53528902378645216 0.37105623027309798
0.67916951514780499 0.76208760624848659
0.67916951514780499 0.91309218430569961
0.67916951514780499 0.25313402398169693
0.67916951514780499 0.030324222999775885
0.67916951514780499 0.28664129240747599
0.67916951514780499 0.96803956058250717
0.67916951514780499 0.57205737501944298
0.67916951514780499 0.12753654929228897
0.67916951514780499 0.16659362016552762
0.67916951514780499 0.9748773360507923
0.89872070955984329 0.45203200727701198
0.26420984476069448 0.45203200727701198
0.51480778284129114 0.45203200727701198
0.66190475256270953 0.45203200727701198
0.86639052017889473 0.45203200727701198
0.70841262243148528 0.45203200727701198
0.61055494267984989 0.45203200727701198
0.082821302620145171 0.45203200727701198
0.1439057328477063 0.45203200727701198
0.64353124175385168 0.45203200727701198
0.65845632320269898 0.033705113937009645
0.65845632320269898 0.61747264937379986
0.65845632320269898 0.69640875826422532
0.65845632320269898 0.26886090229678011
0.65845632320269898 0.50545226992361814
0.65845632320269898 0.40660286946529656
0.65845632320269898 0.84081231981553706
0.65845632320269898 0.49821004527537621
0.65845632320269898 0.74803447199428197
0.65845632320269898 0.57690187617060817
0.74684438749535209 0.92532398551702499
0.78463008756964936 0.92532398551702499
0.39275934425776793 0.92532398551702499
0.61520173010192891 0.92532398551702499
0.53015130084480688 0.92532398551702499
0.31293416037826527 0.92532398551702499
0.04380225438801677 0.92532398551702499
0.5949799104570318 0.92532398551702499
0.70875347671506628 0.92532398551702499
0.09019017782536809 0.92532398551702499
0.85212465887889299 0.31185172792144666
0.85212465887889299 0.25267088518136688
0.85212465887889299 0.88439155737142616
0.85212465887889299 0.53351613531518549
0.85212465887889299 0.67132884062422848
0.85212465887889299 0.42159299292675823
0.85212465887889299 0.68092626970304471
0.85212465887889299 0.94760486248303433
0.85212465887889299 0.67953167607985976
0.85212465887889299 0.37952557503223677
0.1982881441704408 0.85603046463802501
0.91390251178010484 0.85603046463802501
0.58036240356991176 0.85603046463802501
0.14173758641897588 0.85603046463802501
0.49727532383858941 0.85603046463802501
0.62917065975683306 0.85603046463802501
0.3958554921652449 0.85603046463802501
0.49325820780045271 0.85603046463802501
0.97525702648575274 0.85603046463802501
0.93978454961431424 0.85603046463802501
0.52243237430229805 0.71670043874378342
0.52243237430229805 0.44161928232834641
0.52243237430229805 0.29261775887227515
0.52243237430229805 0.96983446272548035
0.52243237430229805 0.47194350532812229
0.52243237430229805 0.57925905127975119
0.52243237430229805 0.93787402284232624
0.52243237430229805 0.044000879881903938
0.52243237430229805 0.70679560057204016
0.52243237430229805 0.10446764300785383
0.028547231121243553 0.77830707794055298
0.87397773557993474 0.77830707794055298
0.20399439390934743 0.77830707794055298
0.543355014428196 0.77830707794055298
0.53588248767698299 0.77830707794055298
0.070384914088242184 0.77830707794055298
0.25176763639402 0.77830707794055298
0.14643743035683288 0.77830707794055298
0.15320621670838735 0.77830707794055298
0.3956733692417263 0.77830707794055298
0.58868993725627705 0.018878215467034939
0.58868993725627705 0.74050071497471104
0.58868993725627705 0.72194029238165369
0.58868993725627705 0.71528697419692155
0.58868993725627705 0.0093616168058298609
0.58868993725627705 0.22739256230527188
0.58868993725627705 0.12188984319655682
0.58868993725627705 0.85017393662136698
0.58868993725627705 0.7256026075806481
0.58868993725627705 0.86992431519083879
0.78996867211068456 0.72553152265027199
0.9000506042037395 0.72553152265027199
0.18030345634571437 0.72553152265027199
0.18272801590279117 0.72553152265027199
0.51525233384000713 0.72553152265027199
0.7104547571905212 0.72553152265027199
0.49566217628105647 0.72553152265027199
0.5590545882280239 0.72553152265027199
0.30543466718189172 0.72553152265027199
0.2044156525304614 0.72553152265027199
0.76951646758243397 0.42707581279197515
0.76951646758243397 0.037454335036433459
0.76951646758243397 0.12259519990654438
0.76951646758243397 0.31146736969774003
0.76951646758243397 0.57097047035161896
0.76951646758243397 0.79392404053077292
0.76951646758243397 0.73306036309015954
0.76951646758243397 0.25189673958900233
0.76951646758243397 0.74152890301380725
0.76951646758243397 0.41259203870435807
0.64924476605339199 0.65404936112463496
0.50372281181799383 0.65404936112463496
0.11831816384490494 0.65404936112463496
0.22960716962330377 0.65404936112463496
0.64546039823696966 0.65404936112463496
0.6155934881491556 0.65404936112463496
0.8587778293801368 0.65404936112463496
0.041315890402214547 0.65404936112463496
0.10885169548394703 0.65404936112463496
0.83403485540022837 0.65404936112463496
0.69503822084516298 0.6314223146212391
0.69503822084516298 0.45822934129192927
0.69503822084516298 0.85421132103270447
0.69503822084516298 0.92404007349351425
0.69503822084516298 0.42806380355174828
0.69503822084516298 0.32615482589516548
0.69503822084516298 0.50329912477326544
0.69503822084516298 0.36593782639407452
0.69503822084516298 0.37015570577706941
0.69503822084516298 0.21009472487964423
0.98110044001652874 0.97282011387869705
0.13739892707085186 0.97282011387869705
0.70801259051450183 0.97282011387869705
0.18509483392587622 0.97282011387869705
0.68075394149904789 0.97282011387869705
0.24389507819148482 0.97282011387869705
0.25547974801411838 0.97282011387869705
0.93252157789306789 0.97282011387869705
0.39033250854831769 0.97282011387869705
0.40868596472250573 0.97282011387869705
0.34036356722936001 0.47040546940192834
0.34036356722936001 0.38903392170976564
0.34036356722936001 0.95059543985435524
0.34036356722936001 0.19234576131792075
0.34036356722936001 0.10432089544102591
0.34036356722936001 0.95995705666018516
0.34036356722936001 0.41973832362319263
0.34036356722936001 0.22621073863758273
0.34036356722936001 0.81013099328155214
0.34036356722936001 0.14534093073817944
0.3281949466691329 0.91255741566419601
0.18030118019334096 0.91255741566419601
0.30873656846058395 0.91255741566419601
0.50849840301484728 0.91255741566419601
0.36302919609613216 0.91255741566419601
0.82398890230059108 0.91255741566419601
0.21895315973970719 0.91255741566419601
0.85869137237718862 0.91255741566419601
0.38304349052861497 0.91255741566419601
0.5243878273872602 0.91255741566419601
0.22269509499892601 0.096135053828421538
0.22269509499892601 0.23720680560786594
0.22269509499892601 0.18279526577461291
0.22269509499892601 0.21873025373496593
0.22269509499892601 0.54867417530560592
0.22269509499892601 0.75376573612623188
0.22269509499892601 0.012654294265738825
0.22269509499892601 0.28173453793010422
0.22269509499892601 0.0056624752495728781
0.22269509499892601 0.75418319727954608
0.063107024907649967 0.928251544944942
0.032288256116345643 0.928251544944942
0.028110638739592693 0.928251544944942
0.18142518875255492 0.928251544944942
0.26189542573964941 0.928251544944942
0.6735710369765624 0.928251544944942
0.79701867690171058 0.928251544944942
0.12067325511978626 0.928251544944942
0.7148869273787769 0.928251544944942
0.90587037285131888 0.928251544944942
0.23255347041413199 0.69432657710012358
0.23255347041413199 0.63708478987081196
0.23255347041413199 0.21241253810581404
0.23255347041413199 0.54853789766716676
0.23255347041413199 0.56112486336432621
0.23255347041413199 0.64047634165756229
0.23255347041413199 0.87469272402799347
0.23255347041413199 0.064423987671930333
0.23255347041413199 0.0064141675859755685
0.23255347041413199 0.24484842933940162
0.95470811052001459 0.78231090633198597
0.69598736739530576 0.78231090633198597
0.043269299456509439 0.78231090633198597
0.66272070103451641 0.78231090633198597
0.88108220132118198 0.78231090633198597
0.72402324095555737 0.78231090633198597
0.90661577922600123 0.78231090633198597
0.13656194886963904 0.78231090633198597
0.65654481838296397 0.78231090633198597
0.29694828730865769 0.78231090633198597
0.10402444936335099 0.27451871255157456
0.10402444936335099 0.47681963698790392
0.10402444936335099 0.63388235104916724
0.10402444936335099 0.22511415240592983
0.10402444936335099 0.66916539877148595
0.10402444936335099 0.7382032464901932
0.10402444936335099 0.18507120860045367
0.10402444936335099 0.088903721929017326
0.10402444936335099 0.96441398559343716
0.10402444936335099 0.99520220188200581
0.54524791359214486 0.61125322245061398
0.98473976505209682 0.61125322245061398
0.47724946750199865 0.61125322245061398
0.85398448205272881 0.61125322245061398
0.49323816760128281 0.61125322245061398
0.84027866359813075 0.61125322245061398
0.67797338388765849 0.61125322245061398
0.71219132734099 0.61125322245061398
0.69897003550965808 0.61125322245061398
0.061016873950612206 0.61125322245061398
0.063586555887013702 0.23424465313285806
0.063586555887013702 0.060549038956197461
0.063586555887013702 0.23240900702421041
0.063586555887013702 0.41703991890747094
0.063586555887013702 0.27927929269116342
0.063586555887013702 0.78108318279547762
0.063586555887013702 0.17080565503370279
0.063586555887013702 0.29193358695690219
0.063586555887013702 0.062817720259920565
0.063586555887013702 0.17646813028327568
0.23657915426258891 0.44438801659271099
0.76207706041730805 0.44438801659271099
0.093305130532619143 0.44438801659271099
0.26468979300218159 0.44438801659271099
0.9435022496355242 0.44438801659271099
0.35520055627226854 0.44438801659271099
0.93826083044440522 0.44438801659271099
0.74052092607157349 0.44438801659271099
0.47587381139205481 0.44438801659271099
0.65314775735752084 0.44438801659271099
0.470834443811327 0.046116783770786964
0.470834443811327 0.75714429736004407
0.470834443811327 0.81355292061974893
0.470834443811327 0.25852932187660099
0.470834443811327 0.30568219502721083
0.470834443811327 0.37467778351841391
0.470834443811327 0.89900566399982462
0.470834443811327 0.18037491858954305
0.470834443811327 0.43910177119034427
0.470834443811327 0.90541983158580019
0.64639129845723109 0.36920013604685697
0.4305819219120694 0.36920013604685697
0.34913512428716531 0.36920013604685697
0.68966059791374046 0.36920013604685697
0.093302622480924538 0.36920013604685697
0.23021732514268595 0.36920013604685697
0.41368383840363654 0.36920013604685697
0.99991840170692581 0.36920013604685697
0.36677927401232502 0.36920013604685697
0.070228656320939151 0.36920013604685697
0.44333399413153501 0.42522334792894467
0.44333399413153501 0.71362048374191878
0.44333399413153501 0.38223946857370411
0.44333399413153501 0.059105698978111937
0.44333399413153501 0.93873463614784858
0.44333399413153501 0.051404866879528791
0.44333399413153501 0.79730894546830511
0.44333399413153501 0.12380584474830229
0.44333399413153501 0.14030858880854613
0.44333399413153501 0.76172293059608109
0.29686668854992215 0.201601889915764
0.91202718760446977 0.201601889915764
0.054968420907374665 0.201601889915764
0.77411615605192075 0.201601889915764
0.76601166919153729 0.201601889915764
0.54820658850865744 0.201601889915764
0.61439481918439032 0.201601889915764
0.44398505307919583 0.201601889915764
0.26039791584964744 0.201601889915764
0.31336485422838706 0.201601889915764
0.24436222622171 0.11900804616464676
0.24436222622171 0.37455324194140416
0.24436222622171 0.82227196955227855
0.24436222622171 0.35141705365451847
0.24436222622171 0.79159316131453639
0.24436222622171 0.10155126224344189
0.24436222622171 0.13250023598433483
0.24436222622171 0.96239881634823921
0.24436222622171 0.3934848492003441
0.24436222622171 0.19531795624425541
0.50500192702980806 0.35843955865129801
0.49697707011223635 0.35843955865129801
0.075441914645695093 0.35843955865129801
0.59830705756242719 0.35843955865129801
0.76166686358007918 0.35843955865129801
0.018944163815558034 0.35843955865129801
0.95350761430035702 0.35843955865129801
0.69992769355882323 0.35843955865129801
0.75946508988713146 0.35843955865129801
0.42938142522675049 0.35843955865129801
0.36657329276204098 0.13886694616585363
0.36657329276204098 0.43960163343679237
0.36657329276204098 0.95246225406996077
0.36657329276204098 0.95241986678560253
0.36657329276204098 0.69813095531339331
0.36657329276204098 0.25814444863151037
0.36657329276204098 0.32709764983835521
0.36657329276204098 0.59713661884755675
0.36657329276204098 0.43851936722105339
0.36657329276204098 0.76619942102869942
0.35307545045068278 0.21948980074375901
0.40585638834436255 0.21948980074375901
0.85996334713881994 0.21948980074375901
0.70221057520350938 0.21948980074375901
0.09551698579244175 0.21948980074375901
0.95326596961974441 0.21948980074375901
0.93242790034619527 0.21948980074375901
0.50920082466173955 0.21948980074375901
0.95318437086100893 0.21948980074375901
0.29920717435852029 0.21948980074375901
0.15742639498785099 0.50255645043335695
0.15742639498785099 0.86374271514999812
0.15742639498785099 0.47981990477061826
0.15742639498785099 0.884795919007061
0.15742639498785099 0.92284841412811003
0.15742639498785099 0.4185545404528056
0.15742639498785099 0.93620078588658984
0.15742639498785099 0.72015735959641514
0.15742639498785099 0.54236038520110785
0.15742639498785099 0.076509374229474639
0.57942948098267866 0.31903824070468501
0.2500510589452698 0.31903824070468501
0.2112343614973288 0.31903824070468501
0.63439790235571469 0.31903824070468501
0.02416721453152933 0.31903824070468501
0.97724603115452735 0.31903824070468501
0.18260449039871082 0.31903824070468501
0.63856203371591957 0.31903824070468501
0.42123108376806184 0.31903824070468501
0.44300240624835829 0.31903824070468501
0.22708669491112199 0.48188028972683489
0.22708669491112199 0.66136843183141591
0.22708669491112199 0.45106261663654007
0.22708669491112199 0.30415225927911338
0.22708669491112199 0.012785485020273126
0.22708669491112199 0.24265577748541522
0.22708669491112199 0.40570352152255529
0.22708669491112199 0.14528572100460796
0.22708669491112199 0.20505459336799317
0.22708669491112199 0.79918837072289939
0.95192688840996798 0.47691569663584199
0.9262330107978699 0.47691569663584199
0.93997947682625593 0.47691569663584199
0.02736880259000175 0.47691569663584199
0.5245400683602971 0.47691569663584199
0.70164633994067382 0.47691569663584199
0.046312966405559784 0.47691569663584199
0.47804768219499277 0.47691569663584199
0.40157403303383571 0.47691569663584199
0.80577805629269128 0.47691569663584199
0.12159922812134 0.34060367724886337
0.12159922812134 0.3439215395338468
0.12159922812134 0.23879000369403044
0.12159922812134 0.29306593085316285
0.12159922812134 0.29634140631944939
0.12159922812134 0.93692095947308507
0.12159922812134 0.55121037948467322
0.12159922812134 0.62343905615780459
0.12159922812134 0.53405757785498054
0.12159922812134 0.98972974670572655
